0 -0.039818819872004 0 11 2.01853194428615 -0.271947965026887 1.70676515938726 0 1 1 1 1 0
0 -0.039818819872004 0 11 2.01853194428615 0.0988369348746533 2.0775500592888 1 1 1 1 2 0
0 -0.039818819872004 0 11 2.01853194428615 0.0344484869397382 2.01316161135389 2 1 1 1 3 0
0 -0.039818819872004 0 11 2.01853194428615 0.147208125186933 2.12592124960108 3 1 1 1 4 0
0 -0.039818819872004 0 11 2.01853194428615 -0.116680236071388 1.86203288834276 4 1 1 1 5 0
0 -0.039818819872004 0 11 2.01853194428615 0.0897971469363611 2.06851027135051 5 1 1 1 6 0
0 -0.039818819872004 0 11 2.01853194428615 -0.0299827549989478 1.9487303694152 6 1 1 1 7 0
0 -0.039818819872004 0 11 2.01853194428615 -0.027417882150702 1.95129524226345 7 1 1 1 8 0
0 -0.039818819872004 0 11 2.01853194428615 -0.0473952054349404 1.93131791897921 8 1 1 1 9 0
0 -0.039818819872004 0 11 2.01853194428615 0.0274959241566521 2.0062090485708 9 1 1 1 10 0
0 -0.039818819872004 1 24 1.89994940227081 -0.0566235423421866 1.80350704005662 0 1 2 1 11 0
0 -0.039818819872004 1 24 1.89994940227081 -0.0780006919689076 1.7821298904299 1 1 2 1 12 0
0 -0.039818819872004 1 24 1.89994940227081 0.0782328287199559 1.93836341111877 2 1 2 1 13 0
0 -0.039818819872004 1 24 1.89994940227081 -0.0312828341851699 1.82884774821364 3 1 2 1 14 0
0 -0.039818819872004 1 24 1.89994940227081 -0.0850822315098192 1.77504835088899 4 1 2 1 15 0
0 -0.039818819872004 1 24 1.89994940227081 -0.0290726695385805 1.83105791286023 5 1 2 1 16 0
0 -0.039818819872004 1 24 1.89994940227081 0.158969203868037 2.01909978626685 6 1 2 1 17 0
0 -0.039818819872004 1 24 1.89994940227081 0.00858891019053283 1.86871949258934 7 1 2 1 18 0
0 -0.039818819872004 1 24 1.89994940227081 0.0270496300122923 1.8871802124111 8 1 2 1 19 0
0 -0.039818819872004 1 24 1.89994940227081 0.117514121341376 1.97764470374019 9 1 2 1 20 0
0 -0.039818819872004 2 1 2.2306827079448 -0.0418903424861644 2.14897354558664 0 1 3 1 21 0
0 -0.039818819872004 2 1 2.2306827079448 0.152570585162486 2.34343447323529 1 1 3 1 22 0
0 -0.039818819872004 2 1 2.2306827079448 0.172113947798871 2.36297783587167 2 1 3 1 23 0
0 -0.039818819872004 2 1 2.2306827079448 -0.0274365642503033 2.1634273238225 3 1 3 1 24 0
0 -0.039818819872004 2 1 2.2306827079448 -0.129489785766401 2.0613741023064 4 1 3 1 25 0
0 -0.039818819872004 2 1 2.2306827079448 -0.121131575553231 2.06973231251957 5 1 3 1 26 0
0 -0.039818819872004 2 1 2.2306827079448 0.151599604875964 2.34246349294876 6 1 3 1 27 0
0 -0.039818819872004 2 1 2.2306827079448 0.216192152402846 2.40705604047565 7 1 3 1 28 0
0 -0.039818819872004 2 1 2.2306827079448 -0.135597958423039 2.05526592964976 8 1 3 1 29 0
0 -0.039818819872004 2 1 2.2306827079448 0.0478726319523006 2.2387365200251 9 1 3 1 30 0
0 -0.039818819872004 3 22 2.25420454930837 0.226759983416939 2.4411457128533 0 1 4 1 31 0
0 -0.039818819872004 3 22 2.25420454930837 0.0361974234912276 2.25058315292759 1 1 4 1 32 0
0 -0.039818819872004 3 22 2.25420454930837 0.117321526205029 2.33170725564139 2 1 4 1 33 0
0 -0.039818819872004 3 22 2.25420454930837 0.0911443034553343 2.3055300328917 3 1 4 1 34 0
0 -0.039818819872004 3 22 2.25420454930837 -0.137496093359097 2.07688963607727 4 1 4 1 35 0
0 -0.039818819872004 3 22 2.25420454930837 0.239430884313236 2.4538166137496 5 1 4 1 36 0
0 -0.039818819872004 3 22 2.25420454930837 -0.0365819180452494 2.17780381139111 6 1 4 1 37 0
0 -0.039818819872004 3 22 2.25420454930837 0.186471076091138 2.4008568055275 7 1 4 1 38 0
0 -0.039818819872004 3 22 2.25420454930837 0.17264964567829 2.38703537511465 8 1 4 1 39 0
0 -0.039818819872004 3 22 2.25420454930837 -0.115893028930158 2.09849270050621 9 1 4 1 40 0
0 -0.039818819872004 4 8 1.70055133241404 0.0464167563645959 1.70714926890663 0 1 5 1 41 0
0 -0.039818819872004 4 8 1.70055133241404 0.0936182324513377 1.75435074499337 1 1 5 1 42 0
0 -0.039818819872004 4 8 1.70055133241404 -0.0493305367574906 1.61140197578454 2 1 5 1 43 0
0 -0.039818819872004 4 8 1.70055133241404 0.0343379155814751 1.69507042812351 3 1 5 1 44 0
0 -0.039818819872004 4 8 1.70055133241404 -0.0575579366359429 1.60317457590609 4 1 5 1 45 0
0 -0.039818819872004 4 8 1.70055133241404 -0.0264132653214943 1.63431924722054 5 1 5 1 46 0
0 -0.039818819872004 4 8 1.70055133241404 -0.0959548809748352 1.5647776315672 6 1 5 1 47 0
0 -0.039818819872004 4 8 1.70055133241404 0.104595565924918 1.76532807846695 7 1 5 1 48 0
0 -0.039818819872004 4 8 1.70055133241404 -0.0177396114788856 1.64299290106315 8 1 5 1 49 0
0 -0.039818819872004 4 8 1.70055133241404 -0.0395443586547465 1.62118815388729 9 1 5 1 50 0
0 -0.039818819872004 5 27 1.48751818959121 0.0854562755669063 1.53315564528611 0 1 6 1 51 0
0 -0.039818819872004 5 27 1.48751818959121 -0.0218162619125557 1.42588310780665 1 1 6 1 52 0
0 -0.039818819872004 5 27 1.48751818959121 0.0420779354693618 1.48977730518857 2 1 6 1 53 0
0 -0.039818819872004 5 27 1.48751818959121 -0.143941820053862 1.30375754966534 3 1 6 1 54 0
0 -0.039818819872004 5 27 1.48751818959121 0.126194240523056 1.57389361024226 4 1 6 1 55 0
0 -0.039818819872004 5 27 1.48751818959121 -0.105589562709759 1.34210980700945 5 1 6 1 56 0
0 -0.039818819872004 5 27 1.48751818959121 0.0750497187693506 1.52274908848855 6 1 6 1 57 0
0 -0.039818819872004 5 27 1.48751818959121 -0.204804666363881 1.24289470335532 7 1 6 1 58 0
0 -0.039818819872004 5 27 1.48751818959121 -0.145760311905937 1.30193905781327 8 1 6 1 59 0
0 -0.039818819872004 5 27 1.48751818959121 -0.0387473672070266 1.40895200251218 9 1 6 1 60 0
0 -0.039818819872004 6 2 1.87910808951086 -0.0107196857527952 1.82856958388606 0 1 7 1 61 0
0 -0.039818819872004 6 2 1.87910808951086 -0.105100322931697 1.73418894670716 1 1 7 1 62 0
0 -0.039818819872004 6 2 1.87910808951086 -0.140024607165968 1.69926466247289 2 1 7 1 63 0
0 -0.039818819872004 6 2 1.87910808951086 -0.0443005672103922 1.79498870242847 3 1 7 1 64 0
0 -0.039818819872004 6 2 1.87910808951086 0.0581071285418239 1.89739639818068 4 1 7 1 65 0
0 -0.039818819872004 6 2 1.87910808951086 0.00106664427798314 1.84035591391684 5 1 7 1 66 0
0 -0.039818819872004 6 2 1.87910808951086 -0.0567460547088584 1.78254321493 6 1 7 1 67 0
0 -0.039818819872004 6 2 1.87910808951086 0.019149151950412 1.85843842158927 7 1 7 1 68 0
0 -0.039818819872004 6 2 1.87910808951086 0.168932395033068 2.00822166467193 8 1 7 1 69 0
0 -0.039818819872004 6 2 1.87910808951086 0.171167137503658 2.01045640714252 9 1 7 1 70 0
0 -0.039818819872004 7 5 2.41878773959829 -0.175456184544308 2.20351273518198 0 1 8 1 71 0
0 -0.039818819872004 7 5 2.41878773959829 -0.00428990358496281 2.37467901614132 1 1 8 1 72 0
0 -0.039818819872004 7 5 2.41878773959829 -0.232529908066863 2.14643901165942 2 1 8 1 73 0
0 -0.039818819872004 7 5 2.41878773959829 -0.117940688295994 2.26102823143029 3 1 8 1 74 0
0 -0.039818819872004 7 5 2.41878773959829 -0.175634429481904 2.20333449024438 4 1 8 1 75 0
0 -0.039818819872004 7 5 2.41878773959829 -0.016406265334513 2.36256265439177 5 1 8 1 76 0
0 -0.039818819872004 7 5 2.41878773959829 0.0317891783930399 2.41075809811933 6 1 8 1 77 0
0 -0.039818819872004 7 5 2.41878773959829 0.112484513108959 2.49145343283525 7 1 8 1 78 0
0 -0.039818819872004 7 5 2.41878773959829 -0.232153587508614 2.14681533221767 8 1 8 1 79 0
0 -0.039818819872004 7 5 2.41878773959829 0.154370263200707 2.53333918292699 9 1 8 1 80 0
0 -0.039818819872004 8 7 2.14895334892642 -0.132997450352013 1.9761370787024 0 1 9 1 81 0
0 -0.039818819872004 8 7 2.14895334892642 0.0154857231277657 2.12462025218218 1 1 9 1 82 0
0 -0.039818819872004 8 7 2.14895334892642 -0.117926879419202 1.99120764963522 2 1 9 1 83 0
0 -0.039818819872004 8 7 2.14895334892642 0.0101260445676388 2.11926057362206 3 1 9 1 84 0
0 -0.039818819872004 8 7 2.14895334892642 0.0814511572592009 2.19058568631362 4 1 9 1 85 0
0 -0.039818819872004 8 7 2.14895334892642 -0.0825505267493691 2.02658400230505 5 1 9 1 86 0
0 -0.039818819872004 8 7 2.14895334892642 0.174793493535259 2.28392802258968 6 1 9 1 87 0
0 -0.039818819872004 8 7 2.14895334892642 -0.164565856562838 1.94456867249158 7 1 9 1 88 0
0 -0.039818819872004 8 7 2.14895334892642 0.042888710478199 2.15202323953262 8 1 9 1 89 0
0 -0.039818819872004 8 7 2.14895334892642 0.299355302239366 2.40848983129378 9 1 9 1 90 0
0 -0.039818819872004 9 25 1.93265940148869 -0.296016839781065 1.59682374183562 0 1 10 1 91 0
0 -0.039818819872004 9 25 1.93265940148869 -0.11270031219205 1.78014026942464 1 1 10 1 92 0
0 -0.039818819872004 9 25 1.93265940148869 -0.319371550820921 1.57346903079577 2 1 10 1 93 0
0 -0.039818819872004 9 25 1.93265940148869 -0.116342905429201 1.77649767618749 3 1 10 1 94 0
0 -0.039818819872004 9 25 1.93265940148869 0.0128784215520834 1.90571900316877 4 1 10 1 95 0
0 -0.039818819872004 9 25 1.93265940148869 -0.0185262215066297 1.87431436011006 5 1 10 1 96 0
0 -0.039818819872004 9 25 1.93265940148869 0.253132163551608 2.1459727451683 6 1 10 1 97 0
0 -0.039818819872004 9 25 1.93265940148869 -0.0107081246995044 1.88213245691718 7 1 10 1 98 0
0 -0.039818819872004 9 25 1.93265940148869 0.104346165448703 1.99718674706539 8 1 10 1 99 0
0 -0.039818819872004 9 25 1.93265940148869 -0.0580796006927285 1.83476098092396 9 1 10 1 100 0
1 0.0655242507952203 0 17 2.07328721323501 -0.135419061542526 2.0033924024877 0 1 1 2 101 0
1 0.0655242507952203 0 17 2.07328721323501 0.349292109576923 2.48810357360715 1 1 1 2 102 0
1 0.0655242507952203 0 17 2.07328721323501 0.0866134440721859 2.22542490810242 2 1 1 2 103 0
1 0.0655242507952203 0 17 2.07328721323501 0.136614364964239 2.27542582899447 3 1 1 2 104 0
1 0.0655242507952203 0 17 2.07328721323501 -0.085913392009228 2.052898072021 4 1 1 2 105 0
1 0.0655242507952203 0 17 2.07328721323501 -0.211882281764227 1.926929182266 5 1 1 2 106 0
1 0.0655242507952203 0 17 2.07328721323501 0.239738613525498 2.37855007755573 6 1 1 2 107 0
1 0.0655242507952203 0 17 2.07328721323501 -0.00249897537859178 2.13631248865164 7 1 1 2 108 0
1 0.0655242507952203 0 17 2.07328721323501 -0.0336628929125202 2.10514857111771 8 1 1 2 109 0
1 0.0655242507952203 0 17 2.07328721323501 -0.0715088562841478 2.06730260774608 9 1 1 2 110 0
1 0.0655242507952203 1 31 1.99758953218735 0.107812022279357 2.17092580526193 0 1 2 2 111 0
1 0.0655242507952203 1 31 1.99758953218735 -0.277553360110889 1.78556042287168 1 1 2 2 112 0
1 0.0655242507952203 1 31 1.99758953218735 0.233632030015404 2.29674581299798 2 1 2 2 113 0
1 0.0655242507952203 1 31 1.99758953218735 -0.197892745756966 1.86522103722561 3 1 2 2 114 0
1 0.0655242507952203 1 31 1.99758953218735 0.131537773571008 2.19465155655358 4 1 2 2 115 0
1 0.0655242507952203 1 31 1.99758953218735 -0.147373192112232 1.91574059087034 5 1 2 2 116 0
1 0.0655242507952203 1 31 1.99758953218735 -0.180919332600139 1.88219445038243 6 1 2 2 117 0
1 0.0655242507952203 1 31 1.99758953218735 -0.0388390784100579 2.02427470457251 7 1 2 2 118 0
1 0.0655242507952203 1 31 1.99758953218735 0.087431251011003 2.15054503399358 8 1 2 2 119 0
1 0.0655242507952203 1 31 1.99758953218735 0.0616762833559005 2.12479006633847 9 1 2 2 120 0
1 0.0655242507952203 2 2 1.87910808951086 0.0909531247743978 2.03558546508048 0 1 3 2 121 0
1 0.0655242507952203 2 2 1.87910808951086 0.071892823688471 2.01652516399455 1 1 3 2 122 0
1 0.0655242507952203 2 2 1.87910808951086 -0.101721240445966 1.84291109986012 2 1 3 2 123 0
1 0.0655242507952203 2 2 1.87910808951086 0.060130220095257 2.00476256040134 3 1 3 2 124 0
1 0.0655242507952203 2 2 1.87910808951086 0.0959295894493403 2.04056192975542 4 1 3 2 125 0
1 0.0655242507952203 2 2 1.87910808951086 0.0852724412765099 2.02990478158259 5 1 3 2 126 0
1 0.0655242507952203 2 2 1.87910808951086 0.0378187511465829 1.98245109145266 6 1 3 2 127 0
1 0.0655242507952203 2 2 1.87910808951086 0.0756235748905729 2.02025591519665 7 1 3 2 128 0
1 0.0655242507952203 2 2 1.87910808951086 0.0141860617220817 1.95881840202816 8 1 3 2 129 0
1 0.0655242507952203 2 2 1.87910808951086 0.0666233033200787 2.01125564362616 9 1 3 2 130 0
1 0.0655242507952203 3 10 2.07394494568691 0.113694331631681 2.25316352811382 0 1 4 2 131 0
1 0.0655242507952203 3 10 2.07394494568691 0.114588674950139 2.25405787143227 1 1 4 2 132 0
1 0.0655242507952203 3 10 2.07394494568691 0.104383485494162 2.2438526819763 2 1 4 2 133 0
1 0.0655242507952203 3 10 2.07394494568691 0.0579047389169447 2.19737393539908 3 1 4 2 134 0
1 0.0655242507952203 3 10 2.07394494568691 -0.153790830532347 1.98567836594979 4 1 4 2 135 0
1 0.0655242507952203 3 10 2.07394494568691 -0.0307487046065094 2.10872049187563 5 1 4 2 136 0
1 0.0655242507952203 3 10 2.07394494568691 0.147448152917471 2.28691734939961 6 1 4 2 137 0
1 0.0655242507952203 3 10 2.07394494568691 -0.196052786147356 1.94341641033478 7 1 4 2 138 0
1 0.0655242507952203 3 10 2.07394494568691 -0.0390242835988697 2.10044491288327 8 1 4 2 139 0
1 0.0655242507952203 3 10 2.07394494568691 0.0428077062829588 2.18227690276509 9 1 4 2 140 0
1 0.0655242507952203 4 32 2.22312000420152 -0.0101703835797433 2.27847387141699 0 1 5 2 141 0
1 0.0655242507952203 4 32 2.22312000420152 -0.037351469452275 2.25129278554446 1 1 5 2 142 0
1 0.0655242507952203 4 32 2.22312000420152 0.0534086301434482 2.34205288514019 2 1 5 2 143 0
1 0.0655242507952203 4 32 2.22312000420152 -0.128396608200586 2.16024764679615 3 1 5 2 144 0
1 0.0655242507952203 4 32 2.22312000420152 0.0503989885691015 2.33904324356584 4 1 5 2 145 0
1 0.0655242507952203 4 32 2.22312000420152 -0.140728132081277 2.14791612291546 5 1 5 2 146 0
1 0.0655242507952203 4 32 2.22312000420152 0.00384489697737547 2.29248915197411 6 1 5 2 147 0
1 0.0655242507952203 4 32 2.22312000420152 0.0560790388690923 2.34472329386583 7 1 5 2 148 0
1 0.0655242507952203 4 32 2.22312000420152 0.123256020651178 2.41190027564792 8 1 5 2 149 0
1 0.0655242507952203 4 32 2.22312000420152 0.0603168911646194 2.34896114616136 9 1 5 2 150 0
1 0.0655242507952203 5 29 1.9946818420728 0.0282531067652783 2.0884591996333 0 1 6 2 151 0
1 0.0655242507952203 5 29 1.9946818420728 0.0294065474160943 2.08961264028412 1 1 6 2 152 0
1 0.0655242507952203 5 29 1.9946818420728 0.07308119084979 2.13328728371781 2 1 6 2 153 0
1 0.0655242507952203 5 29 1.9946818420728 -0.102840969239096 1.95736512362893 3 1 6 2 154 0
1 0.0655242507952203 5 29 1.9946818420728 0.0942785486493642 2.15448464151739 4 1 6 2 155 0
1 0.0655242507952203 5 29 1.9946818420728 -0.250906373133712 1.80929971973431 5 1 6 2 156 0
1 0.0655242507952203 5 29 1.9946818420728 0.0249569280431325 2.08516302091116 6 1 6 2 157 0
1 0.0655242507952203 5 29 1.9946818420728 -0.0526873452978337 2.00751874757019 7 1 6 2 158 0
1 0.0655242507952203 5 29 1.9946818420728 -0.0809707700471034 1.97923532282092 8 1 6 2 159 0
1 0.0655242507952203 5 29 1.9946818420728 -0.0934369644775055 1.96676912839052 9 1 6 2 160 0
1 0.0655242507952203 6 26 1.97808202800701 0.0637802298875958 2.10738650868983 0 1 7 2 161 0
1 0.0655242507952203 6 26 1.97808202800701 -0.0220392437338836 2.02156703506835 1 1 7 2 162 0
1 0.0655242507952203 6 26 1.97808202800701 -0.0691331580377631 1.97447312076447 2 1 7 2 163 0
1 0.0655242507952203 6 26 1.97808202800701 -0.00273880574502382 2.04086747305721 3 1 7 2 164 0
1 0.0655242507952203 6 26 1.97808202800701 -0.199058779945344 1.84454749885689 4 1 7 2 165 0
1 0.0655242507952203 6 26 1.97808202800701 -0.0344658681016174 2.00914041070061 5 1 7 2 166 0
1 0.0655242507952203 6 26 1.97808202800701 0.208093641131589 2.25169991993382 6 1 7 2 167 0
1 0.0655242507952203 6 26 1.97808202800701 -0.0128454739083684 2.03076080489386 7 1 7 2 168 0
1 0.0655242507952203 6 26 1.97808202800701 -0.000311742127004345 2.04329453667523 8 1 7 2 169 0
1 0.0655242507952203 6 26 1.97808202800701 0.0718220985706228 2.11542837737285 9 1 7 2 170 0
1 0.0655242507952203 7 12 1.63569313778866 0.00209306374982755 1.70331045233371 0 1 8 2 171 0
1 0.0655242507952203 7 12 1.63569313778866 -0.0954286478623239 1.60578874072156 1 1 8 2 172 0
1 0.0655242507952203 7 12 1.63569313778866 0.184234579671623 1.8854519682555 2 1 8 2 173 0
1 0.0655242507952203 7 12 1.63569313778866 -0.170052609858937 1.53116477872494 3 1 8 2 174 0
1 0.0655242507952203 7 12 1.63569313778866 0.135929049344119 1.837146437928 4 1 8 2 175 0
1 0.0655242507952203 7 12 1.63569313778866 -0.045045131653525 1.65617225693036 5 1 8 2 176 0
1 0.0655242507952203 7 12 1.63569313778866 0.105333129435161 1.80655051801904 6 1 8 2 177 0
1 0.0655242507952203 7 12 1.63569313778866 0.1072969656504 1.80851435423428 7 1 8 2 178 0
1 0.0655242507952203 7 12 1.63569313778866 0.106005899884959 1.80722328846884 8 1 8 2 179 0
1 0.0655242507952203 7 12 1.63569313778866 0.235032186527383 1.93624957511127 9 1 8 2 180 0
1 0.0655242507952203 8 16 2.07948682306627 -0.148595741715438 1.99641533214606 0 1 9 2 181 0
1 0.0655242507952203 8 16 2.07948682306627 -0.204396489159848 1.94061458470165 1 1 9 2 182 0
1 0.0655242507952203 8 16 2.07948682306627 -0.202158086519405 1.94285298734209 2 1 9 2 183 0
1 0.0655242507952203 8 16 2.07948682306627 0.051296854549247 2.19630792841074 3 1 9 2 184 0
1 0.0655242507952203 8 16 2.07948682306627 0.0147060764146239 2.15971715027612 4 1 9 2 185 0
1 0.0655242507952203 8 16 2.07948682306627 -0.221014228998343 1.92399684486315 5 1 9 2 186 0
1 0.0655242507952203 8 16 2.07948682306627 0.00630576951178497 2.15131684337328 6 1 9 2 187 0
1 0.0655242507952203 8 16 2.07948682306627 0.0147151029115969 2.15972617677309 7 1 9 2 188 0
1 0.0655242507952203 8 16 2.07948682306627 -0.253049199455764 1.89196187440573 8 1 9 2 189 0
1 0.0655242507952203 8 16 2.07948682306627 -0.141770681453364 2.00324039240813 9 1 9 2 190 0
1 0.0655242507952203 9 1 2.2306827079448 -0.113089731204126 2.1831172275359 0 1 10 2 191 0
1 0.0655242507952203 9 1 2.2306827079448 0.0246118535839666 2.32081881232399 1 1 10 2 192 0
1 0.0655242507952203 9 1 2.2306827079448 -0.0211574450668016 2.27504951367322 2 1 10 2 193 0
1 0.0655242507952203 9 1 2.2306827079448 -0.237772186264609 2.05843477247542 3 1 10 2 194 0
1 0.0655242507952203 9 1 2.2306827079448 0.212241678124594 2.50844863686462 4 1 10 2 195 0
1 0.0655242507952203 9 1 2.2306827079448 0.100261725499559 2.39646868423958 5 1 10 2 196 0
1 0.0655242507952203 9 1 2.2306827079448 0.0745866718042672 2.37079363054429 6 1 10 2 197 0
1 0.0655242507952203 9 1 2.2306827079448 -0.044222674533206 2.25198428420682 7 1 10 2 198 0
1 0.0655242507952203 9 1 2.2306827079448 -0.183200717144446 2.11300624159558 8 1 10 2 199 0
1 0.0655242507952203 9 1 2.2306827079448 -0.025793189966189 2.27041376877383 9 1 10 2 200 0
2 -0.0371930507595183 0 3 1.79596192814419 0.0740661265585834 1.83283500394325 0 1 11 1 201 0
2 -0.0371930507595183 0 3 1.79596192814419 0.0793767877083452 1.83814566509301 1 1 11 1 202 0
2 -0.0371930507595183 0 3 1.79596192814419 -0.00429665740133105 1.75447221998334 2 1 11 1 203 0
2 -0.0371930507595183 0 3 1.79596192814419 0.0593919439902824 1.81816082137495 3 1 11 1 204 0
2 -0.0371930507595183 0 3 1.79596192814419 -0.151233823262313 1.60753505412236 4 1 11 1 205 0
2 -0.0371930507595183 0 3 1.79596192814419 0.178478133801516 1.93724701118618 5 1 11 1 206 0
2 -0.0371930507595183 0 3 1.79596192814419 -0.0101309098624585 1.74863796752221 6 1 11 1 207 0
2 -0.0371930507595183 0 3 1.79596192814419 0.0738002423639998 1.83256911974867 7 1 11 1 208 0
2 -0.0371930507595183 0 3 1.79596192814419 0.168383880041006 1.92715275742567 8 1 11 1 209 0
2 -0.0371930507595183 0 3 1.79596192814419 0.160282375686191 1.91905125307086 9 1 11 1 210 0
2 -0.0371930507595183 1 1 2.2306827079448 -0.0750914777825117 2.11839817940277 0 1 12 1 211 0
2 -0.0371930507595183 1 1 2.2306827079448 0.0646169719143971 2.25810662909968 1 1 12 1 212 0
2 -0.0371930507595183 1 1 2.2306827079448 -0.0104400175036764 2.18304963968161 2 1 12 1 213 0
2 -0.0371930507595183 1 1 2.2306827079448 0.158688775808936 2.35217843299422 3 1 12 1 214 0
2 -0.0371930507595183 1 1 2.2306827079448 -0.0897228666183887 2.1037667905669 4 1 12 1 215 0
2 -0.0371930507595183 1 1 2.2306827079448 -0.0680239421553302 2.12546571502995 5 1 12 1 216 0
2 -0.0371930507595183 1 1 2.2306827079448 -0.0318179099837156 2.16167174720157 6 1 12 1 217 0
2 -0.0371930507595183 1 1 2.2306827079448 -0.0326319906617518 2.16085766652353 7 1 12 1 218 0
2 -0.0371930507595183 1 1 2.2306827079448 0.045625970000495 2.23911562718578 8 1 12 1 219 0
2 -0.0371930507595183 1 1 2.2306827079448 -0.107191107948756 2.08629854923653 9 1 12 1 220 0
2 -0.0371930507595183 2 13 1.83055687893864 -0.000946111920632419 1.79241771625849 0 1 13 1 221 0
2 -0.0371930507595183 2 13 1.83055687893864 -0.169171607224552 1.62419222095457 1 1 13 1 222 0
2 -0.0371930507595183 2 13 1.83055687893864 0.0549872678457646 1.84835109602489 2 1 13 1 223 0
2 -0.0371930507595183 2 13 1.83055687893864 -0.258568656817958 1.53479517136116 3 1 13 1 224 0
2 -0.0371930507595183 2 13 1.83055687893864 -0.141530769836474 1.65183305834265 4 1 13 1 225 0
2 -0.0371930507595183 2 13 1.83055687893864 0.0677716755129238 1.86113550369204 5 1 13 1 226 0
2 -0.0371930507595183 2 13 1.83055687893864 0.0308435989091692 1.82420742708829 6 1 13 1 227 0
2 -0.0371930507595183 2 13 1.83055687893864 -0.00107315315478477 1.79229067502434 7 1 13 1 228 0
2 -0.0371930507595183 2 13 1.83055687893864 -0.00461274368066617 1.78875108449845 8 1 13 1 229 0
2 -0.0371930507595183 2 13 1.83055687893864 -0.117833475406213 1.67553035277291 9 1 13 1 230 0
2 -0.0371930507595183 3 30 1.69647674285689 0.173546476626222 1.8328301687236 0 1 14 1 231 0
2 -0.0371930507595183 3 30 1.69647674285689 0.189048928252262 1.84833262034964 1 1 14 1 232 0
2 -0.0371930507595183 3 30 1.69647674285689 -0.148128238171985 1.51115545392539 2 1 14 1 233 0
2 -0.0371930507595183 3 30 1.69647674285689 -0.322411735666755 1.33687195643062 3 1 14 1 234 0
2 -0.0371930507595183 3 30 1.69647674285689 0.243799841876593 1.90308353397397 4 1 14 1 235 0
2 -0.0371930507595183 3 30 1.69647674285689 -0.00960807301618312 1.64967561908119 5 1 14 1 236 0
2 -0.0371930507595183 3 30 1.69647674285689 0.0305079909793424 1.68979168307672 6 1 14 1 237 0
2 -0.0371930507595183 3 30 1.69647674285689 -0.152489047420791 1.50679464467658 7 1 14 1 238 0
2 -0.0371930507595183 3 30 1.69647674285689 -0.105042515805951 1.55424117629142 8 1 14 1 239 0
2 -0.0371930507595183 3 30 1.69647674285689 0.21073396027437 1.87001765237174 9 1 14 1 240 0
2 -0.0371930507595183 4 2 1.87910808951086 0.0761592754675787 1.91807431421892 0 1 15 1 241 0
2 -0.0371930507595183 4 2 1.87910808951086 -0.0180019564245837 1.82391308232676 1 1 15 1 242 0
2 -0.0371930507595183 4 2 1.87910808951086 -0.0867579759509124 1.75515706280043 2 1 15 1 243 0
2 -0.0371930507595183 4 2 1.87910808951086 -0.224374260940726 1.61754077781062 3 1 15 1 244 0
2 -0.0371930507595183 4 2 1.87910808951086 -0.100596007381161 1.74131903137018 4 1 15 1 245 0
2 -0.0371930507595183 4 2 1.87910808951086 -0.0922767099110726 1.74963832884027 5 1 15 1 246 0
2 -0.0371930507595183 4 2 1.87910808951086 -0.0968017997572573 1.74511323899409 6 1 15 1 247 0
2 -0.0371930507595183 4 2 1.87910808951086 -0.12902066028341 1.71289437846793 7 1 15 1 248 0
2 -0.0371930507595183 4 2 1.87910808951086 0.0696897887737407 1.91160482752508 8 1 15 1 249 0
2 -0.0371930507595183 4 2 1.87910808951086 0.1231281024714 1.96504314122274 9 1 15 1 250 0
2 -0.0371930507595183 5 34 1.76552126967042 0.0091592617370707 1.73748748064797 0 1 16 1 251 0
2 -0.0371930507595183 5 34 1.76552126967042 -0.146267288088656 1.58206093082225 1 1 16 1 252 0
2 -0.0371930507595183 5 34 1.76552126967042 -0.114359592568226 1.61396862634268 2 1 16 1 253 0
2 -0.0371930507595183 5 34 1.76552126967042 0.0256285962617014 1.7539568151726 3 1 16 1 254 0
2 -0.0371930507595183 5 34 1.76552126967042 -0.00795604213504424 1.72037217677586 4 1 16 1 255 0
2 -0.0371930507595183 5 34 1.76552126967042 -0.143139343884753 1.58518887502615 5 1 16 1 256 0
2 -0.0371930507595183 5 34 1.76552126967042 0.0800937808775188 1.80842199978842 6 1 16 1 257 0
2 -0.0371930507595183 5 34 1.76552126967042 -0.0150115177295533 1.71331670118135 7 1 16 1 258 0
2 -0.0371930507595183 5 34 1.76552126967042 0.00337224094062555 1.73170045985153 8 1 16 1 259 0
2 -0.0371930507595183 5 34 1.76552126967042 0.0236309751173175 1.75195919402822 9 1 16 1 260 0
2 -0.0371930507595183 6 23 2.02154385232937 0.0933398140635292 2.07769061563338 0 1 17 1 261 0
2 -0.0371930507595183 6 23 2.02154385232937 -0.218990131911581 1.76536066965827 1 1 17 1 262 0
2 -0.0371930507595183 6 23 2.02154385232937 0.0843895549359226 2.06874035650578 2 1 17 1 263 0
2 -0.0371930507595183 6 23 2.02154385232937 -0.248421788583893 1.73592901298596 3 1 17 1 264 0
2 -0.0371930507595183 6 23 2.02154385232937 -0.0835661426478584 1.90078465892199 4 1 17 1 265 0
2 -0.0371930507595183 6 23 2.02154385232937 0.103989657843396 2.08834045941325 5 1 17 1 266 0
2 -0.0371930507595183 6 23 2.02154385232937 0.125587524650251 2.1099383262201 6 1 17 1 267 0
2 -0.0371930507595183 6 23 2.02154385232937 -0.212681443146038 1.77166935842382 7 1 17 1 268 0
2 -0.0371930507595183 6 23 2.02154385232937 0.0106075342978002 1.99495833586765 8 1 17 1 269 0
2 -0.0371930507595183 6 23 2.02154385232937 -0.0310606949853885 1.95329010658446 9 1 17 1 270 0
2 -0.0371930507595183 7 6 2.19787241112362 0.0182266569692371 2.17890601733334 0 1 18 1 271 0
2 -0.0371930507595183 7 6 2.19787241112362 0.228346202594537 2.38902556295864 1 1 18 1 272 0
2 -0.0371930507595183 7 6 2.19787241112362 0.0336280372444085 2.19430739760851 2 1 18 1 273 0
2 -0.0371930507595183 7 6 2.19787241112362 0.0292240048400344 2.18990336520414 3 1 18 1 274 0
2 -0.0371930507595183 7 6 2.19787241112362 0.181452556103357 2.34213191646746 4 1 18 1 275 0
2 -0.0371930507595183 7 6 2.19787241112362 -0.0212515761351842 2.13942778422892 5 1 18 1 276 0
2 -0.0371930507595183 7 6 2.19787241112362 -0.128641779379802 2.0320375809843 6 1 18 1 277 0
2 -0.0371930507595183 7 6 2.19787241112362 0.0487358539039459 2.20941521426805 7 1 18 1 278 0
2 -0.0371930507595183 7 6 2.19787241112362 -0.02080056594604 2.13987879441806 8 1 18 1 279 0
2 -0.0371930507595183 7 6 2.19787241112362 0.0473809643764808 2.20806032474058 9 1 18 1 280 0
2 -0.0371930507595183 8 15 1.97692582796894 -0.0881768438914246 1.851555933318 0 1 19 1 281 0
2 -0.0371930507595183 8 15 1.97692582796894 0.194038790304567 2.13377156751399 1 1 19 1 282 0
2 -0.0371930507595183 8 15 1.97692582796894 0.0159431406258739 1.9556759178353 2 1 19 1 283 0
2 -0.0371930507595183 8 15 1.97692582796894 -0.0329839396464906 1.90674883756293 3 1 19 1 284 0
2 -0.0371930507595183 8 15 1.97692582796894 -0.0123870615882701 1.92734571562115 4 1 19 1 285 0
2 -0.0371930507595183 8 15 1.97692582796894 0.0579421508182563 1.99767492802768 5 1 19 1 286 0
2 -0.0371930507595183 8 15 1.97692582796894 -0.181451965959581 1.75828081124984 6 1 19 1 287 0
2 -0.0371930507595183 8 15 1.97692582796894 -0.00566397404470864 1.93406880316471 7 1 19 1 288 0
2 -0.0371930507595183 8 15 1.97692582796894 -0.321731853287799 1.61800092392162 8 1 19 1 289 0
2 -0.0371930507595183 8 15 1.97692582796894 -0.0850597317473321 1.85467304546209 9 1 19 1 290 0
2 -0.0371930507595183 9 14 1.67289751964944 0.0543350216931976 1.69003949058312 0 1 20 1 291 0
2 -0.0371930507595183 9 14 1.67289751964944 -0.0236291593451985 1.61207530954473 1 1 20 1 292 0
2 -0.0371930507595183 9 14 1.67289751964944 -0.00207292450939036 1.63363154438054 2 1 20 1 293 0
2 -0.0371930507595183 9 14 1.67289751964944 -0.00741503776881209 1.62828943112111 3 1 20 1 294 0
2 -0.0371930507595183 9 14 1.67289751964944 0.0136175358790371 1.64932200476896 4 1 20 1 295 0
2 -0.0371930507595183 9 14 1.67289751964944 0.052272215841366 1.68797668473129 5 1 20 1 296 0
2 -0.0371930507595183 9 14 1.67289751964944 -0.0920621933615163 1.54364227552841 6 1 20 1 297 0
2 -0.0371930507595183 9 14 1.67289751964944 -0.0628189214313332 1.57288554745859 7 1 20 1 298 0
2 -0.0371930507595183 9 14 1.67289751964944 0.0190801107381059 1.65478457962803 8 1 20 1 299 0
2 -0.0371930507595183 9 14 1.67289751964944 0.0636934231189688 1.69939789200889 9 1 20 1 300 0
3 -0.318818987455661 0 28 2.20099016622658 -0.232890700987999 1.64928047778292 0 1 11 2 301 0
3 -0.318818987455661 0 28 2.20099016622658 0.120649942517444 2.00282112128836 1 1 11 2 302 0
3 -0.318818987455661 0 28 2.20099016622658 0.0119814613193995 1.89415264009032 2 1 11 2 303 0
3 -0.318818987455661 0 28 2.20099016622658 -0.0259801278651864 1.85619105090573 3 1 11 2 304 0
3 -0.318818987455661 0 28 2.20099016622658 -0.104284482274474 1.77788669649644 4 1 11 2 305 0
3 -0.318818987455661 0 28 2.20099016622658 0.0416719614429966 1.92384314021391 5 1 11 2 306 0
3 -0.318818987455661 0 28 2.20099016622658 -0.233657243640487 1.64851393513043 6 1 11 2 307 0
3 -0.318818987455661 0 28 2.20099016622658 -0.109713795291019 1.7724573834799 7 1 11 2 308 0
3 -0.318818987455661 0 28 2.20099016622658 -0.0943993404876435 1.78777183828327 8 1 11 2 309 0
3 -0.318818987455661 0 28 2.20099016622658 -0.0835686703867083 1.79860250838421 9 1 11 2 310 0
3 -0.318818987455661 1 9 1.5432062970033 -0.00336209183344043 1.2210252177142 0 1 12 2 311 0
3 -0.318818987455661 1 9 1.5432062970033 0.056518140754842 1.28090545030248 1 1 12 2 312 0
3 -0.318818987455661 1 9 1.5432062970033 -0.00784499278406458 1.21654231676357 2 1 12 2 313 0
3 -0.318818987455661 1 9 1.5432062970033 0.0641294600498581 1.28851676959749 3 1 12 2 314 0
3 -0.318818987455661 1 9 1.5432062970033 -0.246364204657935 0.978023104889702 4 1 12 2 315 0
3 -0.318818987455661 1 9 1.5432062970033 0.129858010353331 1.35424531990097 5 1 12 2 316 0
3 -0.318818987455661 1 9 1.5432062970033 0.00989694161521603 1.23428425116285 6 1 12 2 317 0
3 -0.318818987455661 1 9 1.5432062970033 0.0651214309521034 1.28950874049974 7 1 12 2 318 0
3 -0.318818987455661 1 9 1.5432062970033 0.0135202275552316 1.23790753710287 8 1 12 2 319 0
3 -0.318818987455661 1 9 1.5432062970033 0.0394843968769049 1.26387170642454 9 1 12 2 320 0
3 -0.318818987455661 2 18 1.9817496218189 -0.0371566341894398 1.6257740001738 0 1 13 2 321 0
3 -0.318818987455661 2 18 1.9817496218189 0.0186940386656549 1.6816246730289 1 1 13 2 322 0
3 -0.318818987455661 2 18 1.9817496218189 -0.0707185383178108 1.59221209604543 2 1 13 2 323 0
3 -0.318818987455661 2 18 1.9817496218189 0.054251045689001 1.71718168005224 3 1 13 2 324 0
3 -0.318818987455661 2 18 1.9817496218189 0.0450725933895068 1.70800322775275 4 1 13 2 325 0
3 -0.318818987455661 2 18 1.9817496218189 0.137718859784144 1.80064949414739 5 1 13 2 326 0
3 -0.318818987455661 2 18 1.9817496218189 -0.0404143311524181 1.62251630321082 6 1 13 2 327 0
3 -0.318818987455661 2 18 1.9817496218189 -0.157583845499909 1.50534678886333 7 1 13 2 328 0
3 -0.318818987455661 2 18 1.9817496218189 0.255859744568669 1.91879037893191 8 1 13 2 329 0
3 -0.318818987455661 2 18 1.9817496218189 -0.148897147170258 1.51403348719298 9 1 13 2 330 0
3 -0.318818987455661 3 4 2.01674937398504 0.151705389388589 1.84963577591797 0 1 14 2 331 0
3 -0.318818987455661 3 4 2.01674937398504 -0.130856683293619 1.56707370323576 1 1 14 2 332 0
3 -0.318818987455661 3 4 2.01674937398504 0.0481196278182086 1.74605001434759 2 1 14 2 333 0
3 -0.318818987455661 3 4 2.01674937398504 0.0544992456752533 1.75242963220463 3 1 14 2 334 0
3 -0.318818987455661 3 4 2.01674937398504 0.0362153082158213 1.7341456947452 4 1 14 2 335 0
3 -0.318818987455661 3 4 2.01674937398504 0.0147810159052009 1.71271140243458 5 1 14 2 336 0
3 -0.318818987455661 3 4 2.01674937398504 -0.150446025421251 1.54748436110813 6 1 14 2 337 0
3 -0.318818987455661 3 4 2.01674937398504 0.0663407844728731 1.76427117100225 7 1 14 2 338 0
3 -0.318818987455661 3 4 2.01674937398504 0.100248847643509 1.79817923417289 8 1 14 2 339 0
3 -0.318818987455661 3 4 2.01674937398504 0.0365541944587755 1.73448458098815 9 1 14 2 340 0
3 -0.318818987455661 4 21 2.12077151948369 0.00575632352548433 1.80770885555351 0 1 15 2 341 0
3 -0.318818987455661 4 21 2.12077151948369 -0.0183524585203273 1.7836000735077 1 1 15 2 342 0
3 -0.318818987455661 4 21 2.12077151948369 0.10725147404697 1.90920400607499 2 1 15 2 343 0
3 -0.318818987455661 4 21 2.12077151948369 0.0302494426554719 1.8322019746835 3 1 15 2 344 0
3 -0.318818987455661 4 21 2.12077151948369 -0.0181055931826076 1.78384693884542 4 1 15 2 345 0
3 -0.318818987455661 4 21 2.12077151948369 -0.00537483992858379 1.79657769209944 5 1 15 2 346 0
3 -0.318818987455661 4 21 2.12077151948369 0.16408292492847 1.96603545695649 6 1 15 2 347 0
3 -0.318818987455661 4 21 2.12077151948369 0.0604509253851137 1.86240345741314 7 1 15 2 348 0
3 -0.318818987455661 4 21 2.12077151948369 -0.0999122604824325 1.70204027154559 8 1 15 2 349 0
3 -0.318818987455661 4 21 2.12077151948369 -0.073868699935697 1.72808383209233 9 1 15 2 350 0
3 -0.318818987455661 5 33 1.97221706461385 -0.0318026988204564 1.62159537833773 0 1 16 2 351 0
3 -0.318818987455661 5 33 1.97221706461385 0.0496052406717165 1.70300331782991 1 1 16 2 352 0
3 -0.318818987455661 5 33 1.97221706461385 -0.0356386955719188 1.61775938158627 2 1 16 2 353 0
3 -0.318818987455661 5 33 1.97221706461385 -0.0558723291387903 1.5975257480194 3 1 16 2 354 0
3 -0.318818987455661 5 33 1.97221706461385 -0.00769940854595251 1.64569866861224 4 1 16 2 355 0
3 -0.318818987455661 5 33 1.97221706461385 -0.204439676218066 1.44895840094012 5 1 16 2 356 0
3 -0.318818987455661 5 33 1.97221706461385 -0.195542804051884 1.45785527310631 6 1 16 2 357 0
3 -0.318818987455661 5 33 1.97221706461385 -0.124446312513689 1.5289517646445 7 1 16 2 358 0
3 -0.318818987455661 5 33 1.97221706461385 0.0762350710735751 1.72963314823176 8 1 16 2 359 0
3 -0.318818987455661 5 33 1.97221706461385 0.267756920462405 1.92115499762059 9 1 16 2 360 0
3 -0.318818987455661 6 19 1.89800481420795 0.136155200823594 1.71534102757588 0 1 17 2 361 0
3 -0.318818987455661 6 19 1.89800481420795 0.0163786730624331 1.59556449981472 1 1 17 2 362 0
3 -0.318818987455661 6 19 1.89800481420795 -0.0770534503472861 1.502132376405 2 1 17 2 363 0
3 -0.318818987455661 6 19 1.89800481420795 0.049662911259909 1.6288487380122 3 1 17 2 364 0
3 -0.318818987455661 6 19 1.89800481420795 0.0108825346743977 1.59006836142669 4 1 17 2 365 0
3 -0.318818987455661 6 19 1.89800481420795 0.123474120187637 1.70265994693993 5 1 17 2 366 0
3 -0.318818987455661 6 19 1.89800481420795 0.0189745287058239 1.59816035545811 6 1 17 2 367 0
3 -0.318818987455661 6 19 1.89800481420795 -0.111822958501845 1.46736286825044 7 1 17 2 368 0
3 -0.318818987455661 6 19 1.89800481420795 -0.0443308829178478 1.53485494383444 8 1 17 2 369 0
3 -0.318818987455661 6 19 1.89800481420795 0.184237809304463 1.76342363605675 9 1 17 2 370 0
3 -0.318818987455661 7 20 2.09666893592536 0.0940177862735301 1.87186773474323 0 1 18 2 371 0
3 -0.318818987455661 7 20 2.09666893592536 -0.0911250492981742 1.68672489917153 1 1 18 2 372 0
3 -0.318818987455661 7 20 2.09666893592536 -0.0291862113621972 1.74866373710751 2 1 18 2 373 0
3 -0.318818987455661 7 20 2.09666893592536 0.0438786881693087 1.82172863663901 3 1 18 2 374 0
3 -0.318818987455661 7 20 2.09666893592536 0.0638409773127105 1.84169092578241 4 1 18 2 375 0
3 -0.318818987455661 7 20 2.09666893592536 -0.0669755267083276 1.71087442176137 5 1 18 2 376 0
3 -0.318818987455661 7 20 2.09666893592536 0.0370396881273369 1.81488963659704 6 1 18 2 377 0
3 -0.318818987455661 7 20 2.09666893592536 -0.0876596930239481 1.69019025544575 7 1 18 2 378 0
3 -0.318818987455661 7 20 2.09666893592536 0.138210509703551 1.91606045817325 8 1 18 2 379 0
3 -0.318818987455661 7 20 2.09666893592536 0.00819031820945083 1.78604026667915 9 1 18 2 380 0
3 -0.318818987455661 8 1 2.2306827079448 -0.0570836400710585 1.85478008041808 0 1 19 2 381 0
3 -0.318818987455661 8 1 2.2306827079448 -0.0964933359792847 1.81537038450986 1 1 19 2 382 0
3 -0.318818987455661 8 1 2.2306827079448 -0.111001020680334 1.80086269980881 2 1 19 2 383 0
3 -0.318818987455661 8 1 2.2306827079448 0.0827010678584255 1.99456478834757 3 1 19 2 384 0
3 -0.318818987455661 8 1 2.2306827079448 -0.132727430646285 1.77913628984286 4 1 19 2 385 0
3 -0.318818987455661 8 1 2.2306827079448 0.223694339868912 2.13555806035805 5 1 19 2 386 0
3 -0.318818987455661 8 1 2.2306827079448 -0.0576987606303115 1.85416495985883 6 1 19 2 387 0
3 -0.318818987455661 8 1 2.2306827079448 -0.00122632732509137 1.91063739316405 7 1 19 2 388 0
3 -0.318818987455661 8 1 2.2306827079448 -0.162941540288653 1.74892218020049 8 1 19 2 389 0
3 -0.318818987455661 8 1 2.2306827079448 0.0290988259246882 1.94096254641383 9 1 19 2 390 0
3 -0.318818987455661 9 2 1.87910808951086 0.13978426390127 1.70007336595647 0 1 20 2 391 0
3 -0.318818987455661 9 2 1.87910808951086 0.0219606935311054 1.58224979558631 1 1 20 2 392 0
3 -0.318818987455661 9 2 1.87910808951086 0.171867114461321 1.73215621651652 2 1 20 2 393 0
3 -0.318818987455661 9 2 1.87910808951086 -0.131752136982551 1.42853696507265 3 1 20 2 394 0
3 -0.318818987455661 9 2 1.87910808951086 0.0975364850232877 1.65782558707849 4 1 20 2 395 0
3 -0.318818987455661 9 2 1.87910808951086 0.0763225031871274 1.63661160524233 5 1 20 2 396 0
3 -0.318818987455661 9 2 1.87910808951086 -0.0951459028247581 1.46514319923044 6 1 20 2 397 0
3 -0.318818987455661 9 2 1.87910808951086 0.0349322318665027 1.5952213339217 7 1 20 2 398 0
3 -0.318818987455661 9 2 1.87910808951086 0.0618998269448025 1.622188929 8 1 20 2 399 0
3 -0.318818987455661 9 2 1.87910808951086 0.123892018923216 1.68418112097842 9 1 20 2 400 0
